-1.052131000448630971e+01 -8.388529983550171210e+01 6.213548676536504445e-01
-4.240718562874251774e+01 -6.608682634730539007e+01 1.109880239520957446e+01
-1.454716981132075659e+01 -8.053525322740813408e+01 3.293942403177756262e+01
-1.227214066784965496e+01 -8.091272785933215062e+01 3.380383932892399912e+00
-1.791922228903587211e+01 -8.436520344758469037e+01 5.959310483062736807e+00
-3.047287066246056497e+01 -8.363974763406940838e+01 -1.039747634069399851e+00
-3.300970017636684162e+01 -7.309259259259259522e+01 -1.425837742504408823e+01
-2.932332856915991215e+01 -1.952453549309194614e+01 5.566952517071621287e+01
-3.949667700487372457e+01 -2.185821887461231938e+01 5.285290208241028154e+01
-4.257933579335793439e+01 -6.162361623616234851e+00 5.092250922509225575e+01
-4.676503496503496393e+01 5.776223776223901041e-01 4.196223776223776269e+01
-4.887164179104477313e+01 -3.205970149253687396e-01 5.139761194029850344e+01
-1.453045489591364969e+01 -9.140323824209714587e+01 2.832536622976098784e+01
-6.918149466192176078e+00 -3.839739027283511064e+01 1.798695136417556739e+01
-8.681684210526313450e+00 -7.179242105263158180e+01 3.840968421052632209e+01
-2.485548172757475527e+01 -8.557142857142856940e+01 2.928073089700995979e+01
-2.419461337966984615e+01 -7.345612510860121347e+01 3.942050390964378437e+01
-4.392777085927770742e+01 -5.524159402241593853e+01 -1.837297633872976377e+01
-2.776870748299319303e+01 -8.216780045351472950e+01 1.742857142857143060e+01
-4.257676348547717993e+01 -8.564730290456431305e+01 7.367911479944680764e+00
-4.768848996832101506e+01 -7.945300950369588122e+01 -2.082365364308344624e+00
-4.739416058394160558e+01 -7.607194994786235043e+01 -9.846715328467155359e+00
-4.345481049562682330e+01 -6.947813411078718104e+01 1.192128279883381481e+01
-4.599889624724061576e+01 -2.300551876379691407e+01 1.139845474613686349e+01
-6.018311242022582519e+01 -4.657388316151202901e+01 2.624987727049582986e+01
-8.310969793322740884e+00 1.773068362480125870e+01 6.437329093799681345e+01
-6.358638743455500730e+00 -4.884882198952880117e+01 4.919437172774868827e+01
-6.220649132624510003e+01 -5.081701175153888528e+01 1.893564633463905977e+01
-5.239336492890998898e+00 -6.671445497630331545e+01 5.049763033175355531e+01
-5.555172413793101782e+00 -6.093908045977011056e+01 3.457988505747125885e+01
-1.173125956144824045e+01 -5.755634880163182743e+01 1.389036206017338770e+01
-3.867052023121388515e+00 -1.863583815028901824e+01 3.895568400770713424e+01
-4.704941860465112313e+00 -5.494622093023255616e+01 2.021802325581394655e+01
-3.766611295681059346e+00 -4.079900332225913928e+01 3.153654485049834477e+01
-1.005214152700186503e+01 -4.343389199255121014e+01 3.362569832402235193e+01
-6.894004282655245675e+00 -4.108244111349036132e+01 6.382869379014988453e+01
-1.464397905759162200e+01 -3.686596858638743868e+01 5.095183246073298733e+01
-1.251549295774647419e+01 -2.885727699530517043e+01 4.268826291079811597e+01
-1.512423780487804947e+01 -4.810365853658537105e+01 7.342606707317074211e+01
-6.655716162943491554e+00 -1.455497152869031652e+01 5.055321944809460888e+01
-1.007260273972602249e+01 1.534246575342478991e+00 4.428493150684931834e+01
-2.223986710963454527e+01 -5.182192691029899834e+01 6.648903654485050652e+01
-6.643590592911564841e+00 6.537263994700225567e+00 5.711295130838024647e+01
-2.059262701363073234e+01 5.136617100371751121e+00 6.842193308550184838e+01
-7.515235457063710101e+00 -5.985780240073869152e+01 6.186842105263158942e+01
-1.524390243902439579e+01 -7.335609756097561274e+01 5.695853658536586295e+01
-3.824026789451653485e+01 -4.670657178735872606e+01 6.085391377145248271e+01
-3.165794223826715381e+01 -5.543953068592057321e+01 5.324368231046932465e+01
-2.477981651376147454e+01 -6.409960681520314552e+01 6.381454783748361592e+01
-2.597064056939501597e+01 -6.620640569395017394e+01 4.815213523131671991e+01
-4.815654205607476968e+01 -2.504127725856697850e+01 5.633696780893043865e+01
-3.948831775700934799e+01 -3.232165109034268369e+01 5.291004672897196315e+01
-3.536225779275484626e+01 -1.998904802021904459e+01 4.371861836562763415e+01
-3.414697926059513122e+01 -1.307213706041478929e+01 6.711361587015329633e+01
-1.002165543792108338e+01 -1.431231953801732004e+01 7.004908565928778330e+01
-5.980270655270655311e+01 4.690883190883198495e+00 3.290740740740740478e+01
-4.434908389585345390e+00 -7.068466730954696686e-01 3.986403085824493076e+01
-4.062962962962956226e+00 9.085185185185196133e+00 2.947777777777777430e+01
-5.249414519906324017e+00 1.910421545667446708e+01 3.033840749414520133e+01
-9.007583965330439923e+00 1.584723726977247793e+01 3.922968580715060227e+01
-6.037499999999994316e+00 4.130625000000000568e+01 -4.023611111111108585e+00
-8.646948941469489114e+00 4.309153175591532658e+01 2.591967621419675538e+01
-5.909177365668099924e+00 3.396861626248215771e+01 4.516214931050879500e+01
-1.163825757575757791e+01 4.932196969696968836e+01 -3.320075757575750686e+00
-6.793070259865260141e+00 5.100000000000000000e+01 -1.174205967276226659e+01
-3.742625169147496678e+01 3.151691474966170858e+01 -1.580920162381596583e+01
-3.819642857142856940e+01 1.751515151515150137e+01 5.379410173160172803e+01
-2.368582834331337494e+01 2.965149700598803406e+01 4.479680638722554420e+01
-7.074382187423537971e+00 5.534940053829214435e+01 2.291118179593834725e+01
-1.139363314805457605e+01 3.895351187468418175e+01 5.337089439110661715e+01
-1.931323877068557238e+01 4.806382978723405586e+01 3.871690307328604774e+01
-1.089350649350649292e+01 6.656846011131725049e+01 7.302411873840441103e+00
-4.415872483221476585e+01 1.414194630872484026e+01 3.827516778523489904e+01
-5.451001540832049130e+01 1.623831535695941852e+01 1.700102722136620059e+01
-5.173211009174311670e+01 2.751119266055044932e+01 2.726605504587155338e+00
-4.681253236664940687e+01 2.987985499741066064e+01 -1.058259968928017258e+01
-4.109294680215182183e+01 4.940615660490138339e+01 -1.163897190675433535e+01
-5.375355871886120696e+01 7.158362989323848069e+00 1.745195729537365992e+01
-4.142162698412698063e+01 1.251984126984126533e+01 2.676190476190475920e+01
-4.141255605381165594e+01 2.653213751868463532e+00 3.037518684603885788e+01
-4.789262371615312475e+01 2.477124183006534963e+01 2.068347338935573987e+01
-4.738382541720154251e+01 3.417971758664955928e+01 9.881899871630295706e+00
-4.814662646061062645e+01 3.067018469656991897e+01 2.745834903882396816e+01
-3.703176916350918191e+01 3.950451763334305610e+01 3.407140775284173628e+01
-4.116124314442413379e+01 5.186983546617915408e+01 9.344058500914073306e+00
-3.018730358265241875e+01 4.726241357636706653e+01 2.243086109365178515e+01
-2.260707157114342181e+01 5.884773310521813983e+01 2.471457085828343736e+01
-5.077530176415976371e+00 5.463649025069636878e+01 -1.837372330547817967e+01
-2.641818181818182154e+01 6.096277056277057227e+01 -7.865800865800864017e+00
-1.336473247927656871e+01 6.234513941220799893e+01 -1.678522984174830412e+01
-2.557457898957497378e+01 4.790817963111467748e+01 -1.576263031275060200e+01
-2.310523385300668053e+01 2.863084632516702754e+01 -2.036080178173719446e+01
-1.124972677595629023e+01 3.090054644808742523e+01 -2.422786885245901800e+01
-3.325726392251816321e+01 2.124576271186441545e+01 -1.992372881355932179e+01
-3.072154115586690182e+01 -5.422942206654991537e+01 4.166549912434325620e+01
-2.542372262773722014e+01 -3.233211678832105918e+00 5.564635036496349585e+01
-2.966494082840236501e+01 4.181213017751474581e+00 5.628550295857988317e+01
-2.244891391794047308e+01 2.643443282381335280e+01 5.700321802091713153e+01
-5.744232804232804313e+01 5.915343915343953540e-01 9.797883597883597417e+00
-6.103809523809523796e+01 -1.134166666666666856e+01 1.509940476190476488e+01
-4.812666200139958050e+01 -2.101609517144856909e+01 1.931140657802659177e+01
-4.149438202247191043e+01 -1.536938202247191043e+01 1.817415730337079083e+01
-4.025168539325842687e+01 -2.006067415730336734e+01 -3.235955056179733447e-01
-4.061251664447403442e+01 -3.489081225033288547e+01 2.032756324900132938e+01
-5.178947368421052744e+01 -3.116654650324441889e+01 2.123720259552992218e+01
-4.114128878281623258e+01 -3.611933174224333243e+00 3.341288782816320690e-02
-5.115288888888888863e+01 4.992888888888899146e+00 -7.487111111111104833e+00
-4.343346217559359701e+01 1.390944229707343993e+01 5.753727222528993934e+00
-3.792131532589547760e+01 1.144509688784498280e+01 2.149148561362295595e+00
-3.293515358361774759e+01 5.858930602957912015e+00 -1.731740614334471218e+01
-3.111348464619491949e+01 2.550867823765020148e+01 -3.176234979973301620e+00
-3.622550432276656807e+01 1.471902017291066045e+01 -1.040489913544668354e+01
-5.031734317343173757e+01 3.195571955719543666e+00 4.654981549815502717e+00
-3.595844875346260494e+01 4.008310249307470485e+00 1.342659279778393966e+01
-4.372784810126582045e+01 -3.723628691983122962e+00 1.474261603375526875e+01
-5.627766179540709857e+01 -2.419206680584551350e+01 3.592693110647181243e+01
-4.037254901960784537e+01 -3.798635976129581593e+01 4.168712702472292619e+01
-2.146240378922439618e+01 -9.339253996447595796e+00 -2.830905861456483308e+01
-1.985687732342007905e+01 -3.036524163568773815e+01 -1.040241635687732469e+01
-3.018116462976276182e+01 -2.238389647735442622e+01 -1.638820992092020390e+01
-2.252905811623246279e+01 -5.393587174348697033e+01 4.104208416833671436e+00
-3.029184038117927003e+01 -8.237343656938648451e+00 -3.277933293627159372e+01
-4.995989445910290527e+01 1.598627968337731886e+01 -2.082532981530342653e+01
-5.463726993865030579e+01 -2.483972392638037263e+01 8.898773006134973684e+00
-6.224732949876746346e+01 -1.212366474938373528e+01 -2.561216105176669089e+00
-2.169121338912134433e+01 -3.434644351464434919e+01 -1.566359832635983196e+01
-3.447906197654941707e+01 -3.415912897822445871e+01 -1.987604690117252915e+01
-5.383146067415730585e+01 -1.445926966292148563e+00 -1.360814606741573130e+01
-5.306471631205673845e+01 -3.086436170212765262e+01 1.101950354609925853e+00
-5.690377588306942869e+01 -3.392935444579781290e+01 -3.806942752740553715e+00
-3.725813675724096896e+01 1.275365780830097151e+01 -3.574484920871901750e+01
-6.020252537756870481e+01 -2.635305768754648170e+00 -2.382990839316662601e+01
-6.293912703073008430e+01 -4.620082207868468060e+01 -9.485417889998046803e+00
-5.807985574446161792e+01 -2.062931478619267978e+01 -2.897089129314786504e+01
-4.242093112735667404e+01 -1.985763755290496135e+01 -2.977260484801846729e+01
-5.218215475749722287e+01 -4.133432062199184998e+01 -2.107811921510551656e+01
-6.008409570724841586e+01 -5.881843771991555059e+01 3.131949331456723939e+00
-4.957864421798848298e+01 -6.304607886575099940e+01 -5.420912715994688824e+00
-5.417514124293785471e+01 -4.532344632768361237e+01 1.013418079096045687e+01
-5.327965435978004649e+01 -6.291437549096622206e+01 1.630871956009426071e+01
-4.367583497053045249e+01 -7.074263261296660232e+01 2.051080550098231470e+01
-1.804405652535328386e+01 -7.191687448046550912e+01 3.255444721529509877e+01
-3.943157894736842195e+01 -8.471855955678670114e+01 2.311911357340720485e+01
-4.174569932685115958e+01 -4.771578160059834772e+01 4.375617053103964338e+01
-3.163194444444444287e+01 -6.951041666666665719e+01 4.034809027777777146e+01
-3.202298850574712930e+01 -7.918735632183907569e+01 2.605287356321838388e+01
-6.484267912772585873e+01 -2.208644859813084338e+01 2.522196261682242380e+01
-6.189840098400983948e+01 -3.513185731857318217e+01 3.728683886838868489e+01
-5.069740748070453407e+01 -5.493172372847813278e+01 4.742351078567187983e+01
-4.862597402597402407e+01 -6.370389610389609913e+01 2.807590187590187725e+01
-4.179502709595154641e+01 -7.616066305387312241e+01 3.942811603442780211e+01
-2.253448275862068328e+01 -8.533908045977011625e+01 4.318821839080459313e+01
-2.024410540915395984e+01 -5.068099861303744547e+01 -6.692094313453537779e+00
-2.962199999999999989e+01 -6.049200000000000443e+01 -9.992000000000004434e+00
-3.158974358974359120e+01 -3.656923076923077076e+01 -1.145128205128204968e+01
-4.866788990825688188e+01 -7.684220183486237943e+01 3.706422018348618508e+00
-4.764876476906552227e+01 -6.721267454350160619e+01 5.535982814178296962e+00
-3.514969135802468969e+01 -8.881635802469136820e+01 1.042746913580246826e+01
-4.682274741506646620e+01 -7.604579025110783164e+01 1.486115214180206578e+01
-2.936050156739811712e+01 -5.060815047021944224e+01 -4.633228840125397596e+00
-1.213651877133105472e+01 -5.114846416382252414e+01 3.576791808873720413e+01
-5.967741935483871885e+00 -3.627926267281105766e+01 4.497327188940091958e+01
-3.191111111111111143e+01 -5.007175925925925242e+01 -1.718287037037037379e+01
-5.282051282051284602e+00 2.209698996655518499e+01 -1.351950947603121733e+01
-7.364516129032253389e+00 3.417419354838710888e+01 -1.651935483870967403e+01
-1.444473858371938491e+01 1.218067504963599390e+01 -1.897352746525479716e+01
-3.983982683982684136e+01 -1.133419913419913883e+01 -2.316017316017322969e+00
-3.625081433224755756e+01 -1.497394136807817233e+01 1.544625407166124376e+01
-3.589800995024875618e+01 2.785199004975123671e+01 4.595771144278600673e+00
-2.405734089477000737e+01 6.456836798991807314e+01 1.967863894139881609e+00
-4.494570135746606354e+01 4.416742081447964097e+01 1.098793363499240172e+00
-3.751442307692308020e+01 -1.089543269230773603e+00 -4.511268028846154010e+01
-4.692421052631578959e+01 -1.424736842105262724e+01 2.939999999999997726e+00
-4.687260034904014105e+01 -2.561082024432809590e+01 8.582897033158815248e+00
-6.516547740400952193e+01 -2.070778117567108723e+01 7.188243289160723748e+00
-5.269560878243513002e+01 -6.837325349301394795e+00 -1.818363273453093854e+01
-6.555610498288322674e+01 -2.361163940661847960e+01 -1.608786610878661349e+01
-4.468166479190101370e+01 -6.501687289088806665e-01 -1.504161979752530698e+01
-7.781424148606816971e+00 3.087368421052630652e+01 3.055356037151702253e+01
-5.404255319148930425e+00 3.754822695035460356e+01 1.379219858156028522e+01
1.194879773691654634e+01 -8.051768033946251535e+01 3.317538896746810906e+00
4.636019736842104066e+01 -6.125657894736842479e+01 6.998355263157890249e+00
1.778005342831700375e+01 -7.573998219056099401e+01 3.192520035618878183e+01
1.298531310522918147e+01 -7.746417043253711654e+01 5.289703034215619937e+00
1.801151789387083113e+01 -8.343685726038667383e+01 7.858905800082268911e+00
3.234268465909090651e+01 -8.321803977272728048e+01 3.551136363597606760e-04
2.929451137884872480e+01 -7.304685408299866367e+01 -1.169879518072289670e+01
2.901950105411103209e+01 -1.626071679550246074e+01 5.581693605059732022e+01
3.796972754793137028e+01 -1.912159434914228484e+01 5.183097880928355039e+01
4.363035019455253405e+01 -1.841439688715951206e+00 5.220330739299609490e+01
4.493086419753086602e+01 2.783950617283949214e+00 3.874814814814814667e+01
4.854560954816710705e+01 2.938618925831207207e+00 4.889599317988064797e+01
1.444660194174757351e+01 -8.841553398058252355e+01 3.145825242718446191e+01
5.054883720930234858e+00 -3.261116279069767643e+01 2.246976744186046915e+01
9.335448776065277343e+00 -6.890117860380780712e+01 3.774252039891206323e+01
2.772058823529411598e+01 -8.259893048128341775e+01 3.268181818181818699e+01
2.529324699352451944e+01 -6.980851063829787506e+01 4.007215541165587069e+01
4.027022546419098603e+01 -4.986074270557028854e+01 -1.968103448275861922e+01
2.908653846153846700e+01 -7.656538461538461604e+01 2.056346153846153868e+01
4.273177842565598894e+01 -7.981486880466472655e+01 5.969387755102047777e+00
4.593000000000000682e+01 -8.062500000000000000e+01 -3.081666666666663446e+00
4.535838607594936889e+01 -7.504509493670886400e+01 -1.294224683544304355e+01
5.141714285714286348e+01 -6.717142857142857792e+01 9.895714285714291236e+00
4.367152103559871534e+01 -1.954530744336570081e+01 1.089482200647249499e+01
6.402188476998659894e+01 -3.568110763733810131e+01 2.779410451094238965e+01
7.293822199899551606e+00 1.690758412857860549e+01 6.641536916122552725e+01
5.123503465658473033e+00 -5.095463137996219416e+01 5.095841209829868035e+01
5.947487575924904490e+01 -4.340198785201546627e+01 2.051849806736609594e+01
5.106317411402159223e+00 -6.580739599383667837e+01 5.091217257318950828e+01
4.539379474940332670e+00 -5.871201272871917354e+01 3.426014319809068809e+01
1.062070504239179058e+01 -5.579205711735832551e+01 1.646764837126282544e+01
3.105026929982045658e+00 -2.126840215439855797e+01 4.012746858168760866e+01
3.943019943019947959e+00 -5.047863247863247693e+01 1.996438746438747103e+01
3.152579582875958408e+00 -4.015148188803512141e+01 3.353787047200877680e+01
9.245841035120150764e+00 -4.223290203327171355e+01 3.443807763401109412e+01
4.833472106577858085e+00 -3.823313905079101005e+01 6.558118234804328495e+01
1.060333333333333883e+01 -4.078600000000000136e+01 5.656933333333333280e+01
9.202366863905325545e+00 -3.554556213017751531e+01 4.425207100591715914e+01
1.280308596620132278e+01 -4.747538574577517068e+01 7.483761939750183956e+01
5.589811155028542089e+00 -1.516073781291171940e+01 5.336407553798858316e+01
7.754260089686098922e+00 -6.511210762331813839e-01 4.757399103139013619e+01
2.319112903225806122e+01 -5.228467741935483559e+01 6.862903225806451246e+01
5.540054005400534720e+00 6.188118811881196280e+00 6.003915391539155166e+01
2.030116959064326920e+01 6.671637426900588252e+00 6.673304093567250561e+01
8.383356070941331950e+00 -6.055047748976807043e+01 6.189904502046385915e+01
1.188888888888888573e+01 -7.246615581098339476e+01 5.892720306513410833e+01
3.570385126162017286e+01 -4.636564851704294199e+01 6.254138999557326883e+01
2.799538638985005434e+01 -5.538292964244521954e+01 5.425836216839675785e+01
2.109339774557166436e+01 -6.178260869565217206e+01 6.489371980676327212e+01
2.675382003395586139e+01 -6.679626485568761041e+01 5.298924731182796677e+01
4.814067036157297252e+01 -2.069358669833729891e+01 5.477144365267881199e+01
3.757388973966308754e+01 -2.969180704441041030e+01 5.149119448698314727e+01
3.143015332197614953e+01 -1.939948892674617298e+01 4.743185689948892048e+01
3.673637778930981312e+01 -1.086351842241826660e+01 6.509237156201348284e+01
1.447978436657682266e+01 -1.205660377358491075e+01 6.917196765498653122e+01
5.757879656160457671e+01 7.819961795606502619e+00 3.206685768863418673e+01
4.281647940074904568e+00 -2.555056179775277769e+00 4.154456928838951058e+01
2.794827586206892533e+00 1.156724137931033169e+01 2.937586206896551744e+01
4.073560767590620912e+00 2.047334754797441292e+01 3.230490405117271280e+01
7.529212531752747850e+00 1.562235393734124500e+01 4.156900931414055833e+01
-1.000000000000000000e+00 3.325000000000000000e+01 -6.750000000000000000e+00
6.490417136414876609e+00 3.984160090191656423e+01 2.779481397970687340e+01
4.438193343898575449e+00 3.200633914421553072e+01 4.695800316957210896e+01
7.632748538011696837e+00 4.961403508771928728e+01 -1.960233918128650998e+00
-1.000000000000000000e+00 4.114285714285713880e+01 -1.428571428571428470e+01
3.223553719008265261e+01 3.237809917355372136e+01 -1.731198347107437741e+01
3.864862824062421964e+01 2.094739491568083167e+01 4.969066196828592297e+01
2.276669941060903568e+01 3.357220039292730007e+01 4.262377210216109802e+01
6.135905680600217238e+00 5.627395498392283457e+01 2.031554126473740496e+01
1.108663224325874808e+01 4.384652897303499230e+01 4.917154331612162821e+01
1.864784756527875231e+01 5.192025405786873193e+01 3.422441778405081436e+01
8.914452949122022574e+00 6.873705538045925323e+01 3.657811796488061873e+00
3.962770245511177336e+01 2.015060461707585659e+01 3.758299743495786061e+01
5.294999999999998863e+01 2.030820895522387559e+01 1.493880597014926082e+01
5.048642095053347134e+01 2.826964112512123961e+01 1.475751697381184613e+00
4.386480186480187626e+01 3.317482517482517324e+01 -1.418822843822843538e+01
3.737346711259755239e+01 5.354031958379783873e+01 -8.751393534002232855e+00
5.029552590266877132e+01 1.012990580847724686e+01 1.572017268445840443e+01
3.911741682974559353e+01 1.822504892367905427e+01 2.448727984344422737e+01
3.594710327455919696e+01 8.420654911838795442e+00 2.867758186397985298e+01
4.549063400576369531e+01 3.073126801152739063e+01 1.843515850144092383e+01
4.796926229508196116e+01 3.973975409836066319e+01 2.732581967213121743e+00
4.635185744488069304e+01 3.426940501359106861e+01 2.627816369676834540e+01
3.502662721893491948e+01 4.229059829059829667e+01 3.128632478632478353e+01
3.959501061571126002e+01 5.376380042462844244e+01 8.959129511677275559e+00
2.868587306229892420e+01 5.177274056741737240e+01 2.288125182801988444e+01
1.915873015873016527e+01 6.389722222222221149e+01 1.912301587301587347e+01
-1.000000000000000000e+00 2.366666666666665719e+01 -1.733333333333333570e+01
2.320953757225433378e+01 6.372687861271677434e+01 -9.639450867052019589e+00
1.066262276140959386e+01 6.345522819179663543e+01 -1.759907567879838552e+01
2.420204277050750363e+01 4.773922757740186285e+01 -1.668337057133737744e+01
1.929677980852915198e+01 2.764055700609225141e+01 -2.068581375108789899e+01
6.362249761677787774e+00 3.366491897044804205e+01 -2.508245948522402102e+01
2.950569886022795174e+01 2.118776244751049376e+01 -1.991841631673665347e+01
2.984684684684684441e+01 -5.425675675675675791e+01 4.457657657657657069e+01
2.581688073394495575e+01 -7.071559633027391101e-01 5.365944954128440259e+01
3.166239554317549221e+01 9.876323119777168813e+00 5.793927576601672058e+01
1.944910549043800074e+01 2.493028994447871582e+01 5.908883405305365955e+01
5.576629766297662627e+01 2.221402214022134558e+00 1.059225092250922273e+01
5.893402565668907300e+01 -9.566279780085523043e+00 1.411056811240072761e+01
4.419203268641470572e+01 -1.784167517875383169e+01 1.841470888661899608e+01
3.885820895522388696e+01 -1.322139303482586570e+01 1.943034825870647353e+01
3.802867383512545985e+01 -1.985304659498207513e+01 2.491039426523300904e+00
4.306095979247729133e+01 -3.094033722438391010e+01 1.997535667963683181e+01
4.755018248175181839e+01 -2.698448905109489715e+01 2.322536496350365098e+01
3.992937608318891307e+01 -2.186741767764289079e+00 6.317157712305032646e-01
5.022815884476534620e+01 5.279422382671469904e+00 -7.210830324909750288e+00
3.947085889570553263e+01 1.636119631901840421e+01 6.451687116564414737e+00
3.721252796420580466e+01 1.094630872483222106e+01 2.681580909768825904e+00
3.246061643835616906e+01 8.366438356164394463e+00 -1.827825342465753522e+01
3.154897739504843912e+01 2.595909580193756483e+01 -3.272335844994614718e+00
3.507039337474120089e+01 1.640579710144928072e+01 -1.066183574879227081e+01
4.637610062893082841e+01 5.940880503144654767e+00 4.864150943396225557e+00
3.383458646616540477e+01 8.597744360902254357e+00 1.242857142857143060e+01
4.049156626506024281e+01 -2.395180722891552705e+00 1.572048192771084985e+01
5.387072808320951367e+01 -2.172362555720653177e+01 3.939301634472511182e+01
3.685290322580644329e+01 -3.953548387096773808e+01 4.453935483870968426e+01
1.986169386169386541e+01 -9.653457653457650167e+00 -2.592385392385392606e+01
1.983048433048432457e+01 -2.960541310541310622e+01 -9.025641025641021997e+00
2.928751047778709449e+01 -2.108633696563285298e+01 -1.666135792120704195e+01
1.991964285714286120e+01 -4.715714285714285836e+01 2.619642857142864045e+00
2.699099999999999966e+01 -7.761666666666670267e+00 -3.403600000000000136e+01
4.840889701401584944e+01 1.760877513711150755e+01 -2.102620353443022339e+01
5.690576766856213453e+01 -1.742891957757920807e+01 8.572705117790420104e+00
6.086478304742684031e+01 -1.191052808610831448e+01 -2.966700302724518679e+00
1.982194092827003828e+01 -3.251814345991560629e+01 -1.597721518987341938e+01
3.320754716981133470e+01 -3.536058700209643746e+01 -1.576519916142557776e+01
5.129428904428903024e+01 1.789044289044170455e-01 -1.585489510489510678e+01
4.845917001338688124e+01 -2.693908969210174575e+01 -1.300535475234269711e+00
5.902474747474747119e+01 -2.695252525252524833e+01 -5.038888888888891415e+00
3.473034657650040913e+01 1.507523245984785376e+01 -3.644871794871794890e+01
5.783978873239436780e+01 7.183098591549423872e-01 -2.745598591549295975e+01
6.221193666260657551e+01 -4.034591961023141948e+01 -1.154591961023142233e+01
5.424030658250677561e+01 -1.719116321009919091e+01 -3.112691614066726942e+01
4.038027656477439109e+01 -1.943267831149927360e+01 -2.956695778748180459e+01
4.815738375063872923e+01 -3.563771078180889162e+01 -2.172304547777210360e+01
5.999969334559949630e+01 -5.190248390064397199e+01 -5.319227230910769322e+00
4.862740805604204297e+01 -6.026619964973730248e+01 -9.859019264448335207e+00
5.365763945028294302e+01 -4.269118835893290509e+01 1.184357316087307765e+01
5.557220118983235579e+01 -5.559167117360735233e+01 1.067604110329908451e+01
4.543090315560391446e+01 -5.989227421109902139e+01 2.062132752992383189e+01
1.833488063660477962e+01 -6.772148541114057707e+01 3.382824933687003011e+01
4.451066758430832238e+01 -7.606262904335856945e+01 2.732553337921541470e+01
4.028068669527897327e+01 -4.594506437768239948e+01 4.618626609442060271e+01
3.388926174496643284e+01 -6.774748322147651436e+01 4.365352348993287990e+01
3.378083588175331897e+01 -7.622120285423036989e+01 2.760448521916411835e+01
6.200351617440225027e+01 -1.927777777777777146e+01 2.428621659634318064e+01
6.035062557216966184e+01 -2.864021971315227688e+01 4.041318278913639972e+01
5.197570928876797325e+01 -4.870851146521570740e+01 4.652059852312476096e+01
5.211025469168902191e+01 -5.878451742627345311e+01 3.087030831099195893e+01
4.421066525871171393e+01 -6.743400211193241489e+01 4.347888067581837390e+01
2.302894736842105772e+01 -8.179342105263157237e+01 4.696184210526315894e+01
1.806079295154185616e+01 -5.179383259911894299e+01 -7.416740088105726159e+00
2.715455950540957986e+01 -6.009273570324575076e+01 -9.105100463678510891e+00
2.960650887573964951e+01 -3.337573964497040890e+01 -1.325147928994083202e+01
4.879975429975431211e+01 -7.146805896805896907e+01 -1.272727272727266268e+00
5.109076433121018113e+01 -6.203503184713375163e+01 1.513535031847126788e+00
3.887568756875688791e+01 -8.194829482948294697e+01 1.279317931793178786e+01
4.809467455621302179e+01 -7.152071005917159141e+01 1.442702169625246711e+01
2.751800000000000068e+01 -5.238400000000000034e+01 -5.468000000000003524e+00
1.264802631578947967e+01 -5.029605263157894512e+01 3.630921052631579471e+01
6.099999999999994316e+00 -3.919090909090908781e+01 4.356103896103896034e+01
2.872089552238806220e+01 -4.518258706467661057e+01 -1.824726368159203815e+01
-1.000000000000000000e+00 2.333333333333334281e+01 -1.566666666666666430e+01
-1.000000000000000000e+00 2.866666666666665719e+01 -1.760000000000000142e+01
1.228698630136986480e+01 1.383287671232875482e+01 -1.810890410958904084e+01
3.753918791312560188e+01 -9.649669499527860239e+00 -2.824362606232298845e+00
3.501587301587301226e+01 -1.291609977324263525e+01 1.548299319727891543e+01
3.625780346820809541e+01 2.889710982658959892e+01 4.175722543352605953e+00
2.311712247324614111e+01 6.241498216409036104e+01 1.791914387633767092e+00
4.553265694356372251e+01 4.738173747622067822e+01 -5.490805326569429212e+00
3.336167104878759915e+01 -1.423897166228442757e+00 -4.537890739117732863e+01
4.619318181818181301e+01 -1.323721590909090651e+01 3.931818181818186986e+00
4.819143576826195385e+01 -2.312972292191436452e+01 1.027833753148614448e+01
6.448160261651676706e+01 -1.323916598528209931e+01 5.554783319705634881e+00
5.707558139534884845e+01 -7.472093023255808930e+00 -1.666220930232557862e+01
6.385140872250096322e+01 -2.276688537244307042e+01 -1.775376302585873844e+01
4.301255707762555858e+01 -1.773972602739718241e+00 -1.321917808219177459e+01
8.282082324455203093e+00 2.898547215496367357e+01 3.150605326876512891e+01
3.901569186875889272e+00 3.620756062767475214e+01 1.753708987161198252e+01
-2.441526946910964568e+01 -6.192263325911419258e+01 -3.663046919011723190e+01
-1.150032065964269634e+01 -1.845716903344022342e+01 7.142098030233626105e+00
-1.273515009580583524e+01 1.040195869704066922e+01 9.836491377474985143e+00
-2.595404469625432853e+01 1.356940509915006032e+00 1.770538243626020858e-01
-2.047783621337340776e+01 -4.457926371149511624e+00 -8.174305033809190491e-01
-2.468666855363713353e+01 -2.179394282479479727e+01 -1.180696292103029066e+01
-2.297579250720461630e+01 -4.812103746397696113e+00 -1.811700288184437824e+01
-8.407751937984500046e+00 1.149767441860464601e+01 -7.665116279069764005e+00
-1.155511350339340026e+01 -1.348724549496840552e+01 -8.326468523285754486e+00
2.480434298878257948e+01 -6.155537376143666961e+01 -3.670915849683896681e+01
1.161428013283844507e+01 -1.687253369798789038e+01 7.135084977534674522e+00
1.328660826032540854e+01 1.179995828118481427e+01 9.694201084689197501e+00
2.640219607843137339e+01 3.337882352941164754e+00 -3.082352941176509376e-01
2.127140612725844449e+01 -2.800471327572665814e+00 -9.399057344854639950e-01
2.667023498694517514e+01 -2.101644908616188445e+01 -1.214412532637075515e+01
2.346250000000000568e+01 -3.073557692307701927e+00 -1.892211538461538112e+01
8.560880829015545146e+00 1.280569948186527540e+01 -7.003886010362691650e+00
1.184216459977452018e+01 -1.279165727170236266e+01 -8.617136414881628070e+00
-6.877959235346253308e+00 -2.887897202177491351e+01 -3.123072540827953247e+01
